1782478853.000000 0.000000
1782478854.000000 142.003992
1782478855.000000 393.522493
1782478856.000000 645.040994
1782478857.000000 896.559495
1782478858.000000 1148.077996
1782478859.000000 1399.596497
1782478860.000000 1651.114998
1782478861.000000 1902.633499
1782478862.000000 2154.152000
1782478863.000000 2405.670501
1782478864.000000 2657.189002
1782478865.000000 2908.707503
1782478866.000000 3160.226004
1782478867.000000 3411.744505
1782478868.000000 3663.263007
1782478869.000000 3914.781508
1782478870.000000 4166.300009
1782478871.000000 4417.818510
1782478872.000000 4669.337011
1782478873.000000 4920.855512
1782478874.000000 5172.374013
1782478875.000000 5423.892514
1782478876.000000 5675.411015
1782478877.000000 5926.929516
1782478878.000000 6178.448017
1782478879.000000 6429.966518
1782478880.000000 6681.485019
1782478881.000000 6933.003520
1782478882.000000 7184.522021
1782478883.000000 7436.040522
1782478884.000000 7687.559023
1782478885.000000 7939.077524
1782478886.000000 8190.596025
1782478887.000000 8442.114526
1782478888.000000 8693.633027
1782478889.000000 8945.151528
1782478890.000000 9179.687500
1782478891.000000 9179.687500
1782478892.000000 9179.687500
1782478893.000000 9179.687500
1782478894.000000 9179.687500
1782478895.000000 9179.687500
1782478896.000000 9179.687500
1782478897.000000 9179.687500
1782478898.000000 9179.687500
1782478899.000000 9179.687500
1782478900.000000 9179.687500
1782478901.000000 9179.687500
1782478902.000000 9179.687500
1782478903.000000 9179.687500
1782478904.000000 9179.687500
1782478905.000000 9179.687500
1782478906.000000 9179.687500
1782478907.000000 9179.687500
1782478908.000000 9179.687500
1782478909.000000 9179.687500
1782478910.000000 9179.687500
1782478911.000000 9179.687500
1782478912.000000 9179.687500
1782478913.000000 9179.687500
1782478914.000000 9179.687500
1782478915.000000 9179.687500
1782478916.000000 9179.687500
1782478917.000000 9179.687500
1782478918.000000 9179.687500
1782478919.000000 9179.687500
1782478920.000000 9179.687500
1782478921.000000 9179.687500
1782478922.000000 9179.687500
1782478923.000000 9179.687500
1782478924.000000 9179.687500
1782478925.000000 9179.687500
1782478926.000000 9179.687500
1782478927.000000 9179.687500
1782478928.000000 9179.687500
1782478929.000000 9179.687500
1782478930.000000 9179.687500
1782478931.000000 9179.687500
1782478932.000000 9179.687500
1782478933.000000 9179.687500
1782478934.000000 9179.687500
1782478935.000000 9179.687500
1782478936.000000 9179.687500
1782478937.000000 9179.687500
1782478938.000000 9179.687500
1782478939.000000 9179.687500
1782478940.000000 9179.687500
1782478941.000000 9179.687500
1782478942.000000 9179.687500
1782478943.000000 9179.687500
1782478944.000000 9179.687500
1782478945.000000 9179.687500
1782478946.000000 9179.687500
1782478947.000000 9179.687500
1782478948.000000 9179.687500
1782478949.000000 9179.687500
1782478950.000000 9179.687500
1782478951.000000 9179.687500
1782478952.000000 9179.687500
1782478953.000000 9179.687500
1782478954.000000 9179.687500
1782478955.000000 9179.687500
1782478956.000000 9179.687500
1782478957.000000 9179.687500
1782478958.000000 9179.687500
1782478959.000000 9179.687500
1782478960.000000 9179.687500
1782478961.000000 9179.687500
1782478962.000000 9179.687500
1782478963.000000 9179.687500
1782478964.000000 9179.687500
1782478965.000000 9179.687500
1782478966.000000 9179.687500
1782478967.000000 9179.687500
1782478968.000000 9179.687500
1782478969.000000 9179.687500
1782478970.000000 9179.687500
1782478971.000000 9179.687500
1782478972.000000 9179.687500
1782478973.000000 9179.687500
1782478974.000000 9179.687500
1782478975.000000 9179.687500
1782478976.000000 9179.687500
1782478977.000000 9179.687500
1782478978.000000 9179.687500
1782478979.000000 9179.687500
1782478980.000000 9179.687500
1782478981.000000 9179.687500
1782478982.000000 9179.687500
1782478983.000000 9179.687500
1782478984.000000 9179.687500
1782478985.000000 9179.687500
1782478986.000000 9179.687500
1782478987.000000 9179.687500
1782478988.000000 9179.687500
1782478989.000000 9179.687500
1782478990.000000 9179.687500
1782478991.000000 9179.687500
1782478992.000000 9179.687500
1782478993.000000 9179.687500
1782478994.000000 9179.687500
1782478995.000000 9179.687500
1782478996.000000 9179.687500
1782478997.000000 9179.687500
1782478998.000000 9179.687500
1782478999.000000 9169.059753
1782479000.000000 9157.138824
1782479001.000000 9155.273437
1782479002.000000 9155.273437
1782479003.000000 9147.375266
1782479004.000000 9137.446954
1782479005.000000 9127.518642
1782479006.000000 9117.590329
1782479007.000000 9107.662017
1782479008.000000 9097.733705
1782479009.000000 9087.805392
1782479010.000000 9077.877080
1782479011.000000 9067.948767
1782479012.000000 9058.020455
1782479013.000000 9048.092143
1782479014.000000 9038.163830
1782479015.000000 9028.235518
1782479016.000000 9018.307205
1782479017.000000 9008.378893
1782479018.000000 8998.450581
1782479019.000000 8988.522268
1782479020.000000 8978.593956
1782479021.000000 8968.665644
1782479022.000000 8958.737331
1782479023.000000 8948.809019
1782479024.000000 8938.880706
1782479025.000000 8928.952394
1782479026.000000 8919.024082
1782479027.000000 8909.095769
1782479028.000000 8899.167457
1782479029.000000 8889.239145
1782479030.000000 8879.310832
1782479031.000000 8869.382520
1782479032.000000 8859.454207
1782479033.000000 8849.525895
1782479034.000000 8839.597583
1782479035.000000 8829.669270
1782479036.000000 8819.740958
1782479037.000000 8809.812645
1782479038.000000 8799.884333
1782479039.000000 8789.956021
1782479040.000000 8780.027708
1782479041.000000 8770.099396
1782479042.000000 8760.171084
1782479043.000000 8750.242771
1782479044.000000 8740.314459
1782479045.000000 8730.386146
1782479046.000000 8720.457834
1782479047.000000 8710.529522
1782479048.000000 8700.601209
1782479049.000000 8690.672897
1782479050.000000 8680.744585
1782479051.000000 8670.816272
1782479052.000000 8660.887960
1782479053.000000 8650.959647
1782479054.000000 8641.031335
1782479055.000000 8631.103023
1782479056.000000 8621.174710
1782479057.000000 8611.246398
1782479058.000000 8601.318085
1782479059.000000 8591.389773
1782479060.000000 8581.461461
1782479061.000000 8571.533148
1782479062.000000 8561.604836
1782479063.000000 8551.676524
1782479064.000000 8541.748211
1782479065.000000 8531.819899
1782479066.000000 8521.891586
1782479067.000000 8511.963274
1782479068.000000 8502.034962
1782479069.000000 8492.106649
1782479070.000000 8482.178337
1782479071.000000 8472.250025
1782479072.000000 8462.321712
1782479073.000000 8452.393400
1782479074.000000 8440.678188
1782479075.000000 8427.054269
1782479076.000000 8409.661865
1782479077.000000 8395.193100
1782479078.000000 8374.331474
1782479079.000000 8353.469849
1782479080.000000 8332.608223
1782479081.000000 8311.746597
1782479082.000000 8290.884972
1782479083.000000 8270.023346
1782479084.000000 8249.161720
1782479085.000000 8228.300095
1782479086.000000 8214.412144
1782479087.000000 8197.672526
1782479088.000000 8165.883382
1782479089.000000 8139.144897
1782479090.000000 8115.303040
1782479091.000000 8091.461182
1782479092.000000 8059.476369
1782479093.000000 8021.184351
1782479094.000000 7982.892333
1782479095.000000 7944.600315
1782479096.000000 7906.308297
1782479097.000000 7868.016279
1782479098.000000 7829.724260
1782479099.000000 7791.432242
1782479100.000000 7753.140224
1782479101.000000 7714.848206
1782479102.000000 7676.556188
1782479103.000000 7638.264169
1782479104.000000 7599.972151
1782479105.000000 7561.680133
1782479106.000000 7523.388115
1782479107.000000 7485.096097
1782479108.000000 7446.804079
1782479109.000000 7408.512060
1782479110.000000 7370.220042
1782479111.000000 7331.928024
1782479112.000000 7293.636006
1782479113.000000 7255.343988
1782479114.000000 7217.051969
1782479115.000000 7178.759951
1782479116.000000 7140.467933
1782479117.000000 7102.175915
1782479118.000000 7063.883897
1782479119.000000 7025.591879
1782479120.000000 6987.299860
1782479121.000000 6949.007842
1782479122.000000 6910.715824
1782479123.000000 6872.423806
1782479124.000000 6834.131788
1782479125.000000 6795.839769
1782479126.000000 6757.547751
1782479127.000000 6719.255733
1782479128.000000 6680.963715
1782479129.000000 6642.671697
1782479130.000000 6604.379679
1782479131.000000 6566.087660
1782479132.000000 6527.795642
1782479133.000000 6489.503624
1782479134.000000 6436.789376
1782479135.000000 6368.669782
1782479136.000000 6288.027152
1782479137.000000 6201.798123
1782479138.000000 6115.569094
1782479139.000000 6029.340064
1782479140.000000 5943.111035
1782479141.000000 5856.882006
1782479142.000000 5770.652977
1782479143.000000 5684.423948
1782479144.000000 5598.194919
1782479145.000000 5511.965890
1782479146.000000 5425.736861
1782479147.000000 5339.507832
1782479148.000000 5253.278803
1782479149.000000 5167.049773
1782479150.000000 5080.820744
1782479151.000000 4994.591715
1782479152.000000 4908.362686
1782479153.000000 4822.133657
1782479154.000000 4735.904628
1782479155.000000 4649.675599
1782479156.000000 4563.446570
1782479157.000000 4477.217541
1782479158.000000 4390.988512
1782479159.000000 4304.759482
1782479160.000000 4218.530453
1782479161.000000 4132.301424
1782479162.000000 4046.072395
1782479163.000000 3959.843366
1782479164.000000 3873.614337
1782479165.000000 3787.385308
1782479166.000000 3701.156279
1782479167.000000 3614.927250
1782479168.000000 3524.360657
1782479169.000000 3405.151367
1782479170.000000 3285.942078
1782479171.000000 3166.732788
1782479172.000000 3047.523499
1782479173.000000 2928.314209
1782479174.000000 2809.104919
1782479175.000000 2683.308761
1782479176.000000 2546.751505
1782479177.000000 2410.194249
1782479178.000000 2273.636992
1782479179.000000 2137.079736
1782479180.000000 2000.522480
1782479181.000000 1863.965224
1782479182.000000 1727.407968
1782479183.000000 1590.850711
1782479184.000000 1454.293455
1782479185.000000 1317.736199
1782479186.000000 1181.178943
1782479187.000000 1045.825195
1782479188.000000 916.717529
1782479189.000000 772.167969
1782479190.000000 619.580078
1782479191.000000 466.992188
1782479192.000000 314.404297
1782479193.000000 161.816406
1782479194.000000 9.228516
1782479195.000000 -143.359375
1782479196.000000 -295.947266
1782479197.000000 -448.535156
1782479198.000000 -601.123047
1782479199.000000 -753.710937
1782479200.000000 -906.298828
1782479201.000000 -1058.886719
1782479202.000000 -1211.474609
1782479203.000000 -1364.062500
1782479204.000000 -1516.650391
1782479205.000000 -1669.238281
1782479206.000000 -1821.826172
1782479207.000000 -1974.414063
1782479208.000000 -2127.001953
1782479209.000000 -2279.589844
1782479210.000000 -2432.177734
1782479211.000000 -2584.765625
1782479212.000000 -2722.892087
1782479213.000000 -2857.833759
1782479214.000000 -3000.282288
1782479215.000000 -3151.280721
1782479216.000000 -3302.279154
1782479217.000000 -3438.877651
1782479218.000000 -3588.740758
1782479219.000000 -3732.093811
1782479220.000000 -3863.224030
1782479221.000000 -4055.501302
1782479222.000000 -4140.975952
1782479223.000000 -4284.027100
1782479224.000000 -4381.589449
1782479225.000000 -4506.300706
1782479226.000000 -4631.011963
1782479227.000000 -4758.575439
1782479228.000000 -4901.626587
1782479229.000000 -5129.394531
1782479230.000000 -5297.851562
1782479231.000000 -5392.476400
1782479232.000000 -5517.578125
1782479233.000000 -5520.874023
1782479234.000000 -5643.218994
1782479235.000000 -5733.825684
1782479236.000000 -5878.021240
1782479237.000000 -5932.617187
1782479238.000000 -6103.515625
1782479239.000000 -6103.515625
1782479240.000000 -6225.585937
1782479241.000000 -6505.737305
1782479242.000000 -6479.553223
1782479243.000000 -6712.222451
1782479244.000000 -6762.695312
1782479245.000000 -7074.015299
1782479246.000000 -7131.826547
1782479247.000000 -7161.170373
1782479248.000000 -7190.514198
1782479249.000000 -7219.858023
1782479250.000000 -7249.201848
1782479251.000000 -7278.545673
1782479252.000000 -7319.511414
1782479253.000000 -7391.036987
1782479254.000000 -7465.274811
1782479255.000000 -7548.721313
1782479256.000000 -7630.027771
1782479257.000000 -7701.553345
1782479258.000000 -7776.214600
1782479259.000000 -7847.726004
1782479260.000000 -7915.134430
1782479261.000000 -7974.739075
1782479262.000000 -8034.343719
1782479263.000000 -8093.948364
1782479264.000000 -8153.553009
1782479265.000000 -8224.929810
1782479266.000000 -8296.455383
1782479267.000000 -8345.581055
1782479268.000000 -8393.264771
1782479269.000000 -8451.576233
1782479270.000000 -8511.180878
1782479271.000000 -8566.476004
1782479272.000000 -8627.990723
1782479273.000000 -8666.992187
1782479274.000000 -8729.268392
1782479275.000000 -8806.945801
1782479276.000000 -8837.890625
1782479277.000000 -8886.718750
1782479278.000000 -8911.132812
1782479279.000000 -8911.132812
1782479280.000000 -8959.960937
1782479281.000000 -9065.917969
1782479282.000000 -9057.617187
1782479283.000000 -9130.432129
1782479284.000000 -9195.953369
1782479285.000000 -9252.929687
1782479286.000000 -9350.585937
1782479287.000000 -9417.439779
1782479288.000000 -9411.285400
1782479289.000000 -9423.828125
1782479290.000000 -9472.656250
1782479291.000000 -9617.431641
1782479292.000000 -9694.756248
1782479293.000000 -9699.091131
1782479294.000000 -9703.426014
1782479295.000000 -9707.760898
1782479296.000000 -9712.095781
1782479297.000000 -9716.430664
1782479298.000000 -9716.796875
1782479299.000000 -9716.796875
1782479300.000000 -9716.796875
1782479301.000000 -9716.796875
1782479302.000000 -9765.625000
1782479303.000000 -9814.453125
1782479304.000000 -9863.281250
1782479305.000000 -9863.281250
1782479306.000000 -9929.748535
1782479307.000000 -9912.109375
1782479308.000000 -9960.937500
1782479309.000000 -9985.351562
1782479310.000000 -9985.351562
1782479311.000000 -9989.501953
1782479312.000000 -10107.421875
1782479313.000000 -10107.421875
1782479314.000000 -10131.835937
1782479315.000000 -10233.194874
1782479316.000000 -10241.252600
1782479317.000000 -10249.310326
1782479318.000000 -10257.368053
1782479319.000000 -10265.425779
1782479320.000000 -10273.483505
1782479321.000000 -10281.541232
1782479322.000000 -10289.598958
1782479323.000000 -10297.656684
1782479324.000000 -10305.714411
1782479325.000000 -10313.772137
1782479326.000000 -10321.829863
1782479327.000000 -10329.887589
1782479328.000000 -10337.945316
1782479329.000000 -10346.003042
1782479330.000000 -10354.060768
1782479331.000000 -10362.118495
1782479332.000000 -10370.176221
1782479333.000000 -10378.233947
1782479334.000000 -10386.291674
1782479335.000000 -10394.349400
1782479336.000000 -10402.407126
1782479337.000000 -10410.464852
1782479338.000000 -10418.522579
1782479339.000000 -10426.580305
1782479340.000000 -10434.638031
1782479341.000000 -10442.695758
1782479342.000000 -10450.753484
1782479343.000000 -10458.811210
1782479344.000000 -10466.868937
1782479345.000000 -10474.926663
1782479346.000000 -10482.984389
1782479347.000000 -10491.042115
1782479348.000000 -10499.099842
1782479349.000000 -10507.157568
1782479350.000000 -10515.215294
1782479351.000000 -10523.273021
1782479352.000000 -10531.330747
1782479353.000000 -10539.388473
1782479354.000000 -10547.446199
1782479355.000000 -10555.503926
1782479356.000000 -10563.561652
1782479357.000000 -10571.619378
1782479358.000000 -10579.677105
1782479359.000000 -10587.734831
1782479360.000000 -10595.792557
1782479361.000000 -10603.850284
1782479362.000000 -10611.908010
1782479363.000000 -10619.965736
1782479364.000000 -10628.023462
1782479365.000000 -10636.081189
1782479366.000000 -10644.138915
1782479367.000000 -10652.196641
1782479368.000000 -10660.254368
1782479369.000000 -10668.312094
1782479370.000000 -10676.369820
1782479371.000000 -10684.427547
1782479372.000000 -10692.485273
1782479373.000000 -10700.542999
1782479374.000000 -10708.600725
1782479375.000000 -10716.658452
1782479376.000000 -10724.716178
1782479377.000000 -10732.773904
1782479378.000000 -10740.831631
1782479379.000000 -10748.889357
1782479380.000000 -10756.947083
1782479381.000000 -10765.004810
1782479382.000000 -10773.062536
1782479383.000000 -10781.120262
1782479384.000000 -10789.177988
1782479385.000000 -10797.235715
1782479386.000000 -10805.293441
1782479387.000000 -10813.351167
1782479388.000000 -10821.408894
1782479389.000000 -10829.466620
1782479390.000000 -10837.524346
1782479391.000000 -10845.582073
1782479392.000000 -10853.639799
1782479393.000000 -10861.697525
1782479394.000000 -10869.755251
1782479395.000000 -10877.812978
1782479396.000000 -10885.870704
1782479397.000000 -10893.928430
1782479398.000000 -10901.986157
1782479399.000000 -10910.043883
1782479400.000000 -10918.101609
1782479401.000000 -10926.159335
1782479402.000000 -10934.217062
1782479403.000000 -10942.274788
1782479404.000000 -10950.332514
1782479405.000000 -10958.390241
1782479406.000000 -10966.447967
1782479407.000000 -10974.505693
1782479408.000000 -10982.563420
1782479409.000000 -10990.621146
1782479410.000000 -10998.678872
1782479411.000000 -11006.736598
1782479412.000000 -11014.794325
1782479413.000000 -11022.852051
1782479414.000000 -11030.909777
1782479415.000000 -11038.967504
1782479416.000000 -11047.025230
1782479417.000000 -11055.082956
1782479418.000000 -11063.140683
1782479419.000000 -11071.198409
1782479420.000000 -11079.256135
1782479421.000000 -11087.313861
1782479422.000000 -11095.371588
1782479423.000000 -11103.429314
1782479424.000000 -11111.487040
1782479425.000000 -11119.544767
1782479426.000000 -11127.602493
1782479427.000000 -11135.660219
1782479428.000000 -11143.717946
1782479429.000000 -11151.775672
1782479430.000000 -11157.226562
1782479431.000000 -11157.226562
1782479432.000000 -11157.226562
1782479433.000000 -11157.226562
1782479434.000000 -11157.226562
1782479435.000000 -11158.515481
1782479436.000000 -11161.320406
1782479437.000000 -11164.125330
1782479438.000000 -11166.930255
1782479439.000000 -11169.735179
1782479440.000000 -11172.540104
1782479441.000000 -11175.345028
1782479442.000000 -11178.149953
1782479443.000000 -11180.954877
1782479444.000000 -11183.759802
1782479445.000000 -11186.564726
1782479446.000000 -11189.369650
1782479447.000000 -11192.174575
1782479448.000000 -11194.979499
1782479449.000000 -11197.784424
1782479450.000000 -11200.589348
1782479451.000000 -11203.394273
1782479452.000000 -11206.136321
1782479453.000000 -11207.720827
1782479454.000000 -11209.305332
1782479455.000000 -11210.889838
1782479456.000000 -11212.474344
1782479457.000000 -11214.058849
1782479458.000000 -11215.643355
1782479459.000000 -11217.227861
1782479460.000000 -11218.812366
1782479461.000000 -11220.396872
1782479462.000000 -11221.981377
1782479463.000000 -11223.565883
1782479464.000000 -11225.150389
1782479465.000000 -11226.734894
1782479466.000000 -11228.319400
1782479467.000000 -11229.903905
1782479468.000000 -11232.042362
1782479469.000000 -11234.487680
1782479470.000000 -11236.932999
1782479471.000000 -11239.378318
1782479472.000000 -11241.823637
1782479473.000000 -11244.268955
1782479474.000000 -11246.714274
1782479475.000000 -11249.159593
1782479476.000000 -11251.604912
1782479477.000000 -11254.050230
1782479478.000000 -11256.722571
1782479479.000000 -11259.512112
1782479480.000000 -11262.301652
1782479481.000000 -11265.091193
1782479482.000000 -11267.880734
1782479483.000000 -11270.670275
1782479484.000000 -11273.459816
1782479485.000000 -11276.249357
1782479486.000000 -11279.038898
1782479487.000000 -11279.296875
1782479488.000000 -11279.296875
1782479489.000000 -11279.296875
1782479490.000000 -11279.296875
1782479491.000000 -11279.296875
1782479492.000000 -11279.296875
1782479493.000000 -11279.296875
1782479494.000000 -11279.296875
1782479495.000000 -11279.296875
1782479496.000000 -11279.296875
1782479497.000000 -11279.296875
1782479498.000000 -11279.296875
1782479499.000000 -11279.296875
1782479500.000000 -11279.296875
1782479501.000000 -11279.296875
1782479502.000000 -11279.296875
1782479503.000000 -11279.296875
1782479504.000000 -11279.296875
1782479505.000000 -11279.296875
1782479506.000000 -11279.296875
1782479507.000000 -11279.296875
1782479508.000000 -11279.296875
1782479509.000000 -11279.296875
1782479510.000000 -11279.296875
1782479511.000000 -11279.296875
1782479512.000000 -11279.296875
1782479513.000000 -11279.296875
1782479514.000000 -11279.296875
1782479515.000000 -11279.296875
1782479516.000000 -11279.296875
1782479517.000000 -11279.296875
1782479518.000000 -11279.296875
1782479519.000000 -11279.296875
1782479520.000000 -11279.296875
1782479521.000000 -11279.296875
1782479522.000000 -11279.296875
1782479523.000000 -11279.296875
1782479524.000000 -11279.296875
1782479525.000000 -11279.296875
1782479526.000000 -11279.296875
1782479527.000000 -11279.296875
1782479528.000000 -11279.296875
1782479529.000000 -11279.296875
1782479530.000000 -11279.296875
1782479531.000000 -11279.296875
1782479532.000000 -11279.296875
1782479533.000000 -11279.296875
1782479534.000000 -11279.296875
1782479535.000000 -11279.296875
1782479536.000000 -11279.296875
1782479537.000000 -11279.296875
1782479538.000000 -11279.296875
1782479539.000000 -11279.296875
1782479540.000000 -11279.296875
1782479541.000000 -11279.296875
1782479542.000000 -11279.296875
1782479543.000000 -11279.296875
1782479544.000000 -11279.296875
1782479545.000000 -11279.296875
1782479546.000000 -11279.296875
1782479547.000000 -11279.296875
1782479548.000000 -11279.296875
1782479549.000000 -11279.296875
1782479550.000000 -11279.296875
1782479551.000000 -11279.296875
1782479552.000000 -11279.296875
